3.401635651252300262e+10
3.401635651252300262e+10
1.383368971064140129e+10
1.383368971064140129e+10
1.383368971064140129e+10
1.383368971064140129e+10
1.383368971064140129e+10
1.383368971064140129e+10
1.383368971064140129e+10
1.383368971064140129e+10
1.383368971064140129e+10
1.383368971064140129e+10
1.383368971064140129e+10
1.383368971064140129e+10
1.383368971064140129e+10
1.383368971064140129e+10
1.383368971064140129e+10
1.383368971064140129e+10
1.383368971064140129e+10
1.383368971064140129e+10
1.383368971064140129e+10
1.383368971064140129e+10
1.383368971064140129e+10
1.383368971064140129e+10
1.383368971064140129e+10
1.383368971064140129e+10
1.383368971064140129e+10
1.383368971064140129e+10
1.383368971064140129e+10
1.383368971064140129e+10
