9.331200000000000000e+04
9.331200000000000000e+04
9.331200000000000000e+04
9.331200000000000000e+04
9.331200000000000000e+04
9.331200000000000000e+04
9.331200000000000000e+04
9.331200000000000000e+04
9.331200000000000000e+04
9.331200000000000000e+04
9.331200000000000000e+04
9.331200000000000000e+04
9.331200000000000000e+04
9.331200000000000000e+04
9.331200000000000000e+04
9.331200000000000000e+04
9.331200000000000000e+04
9.331200000000000000e+04
9.331200000000000000e+04
9.331200000000000000e+04
