8.001522209585150905e-08
8.001522209585150905e-08
8.001522209585150905e-08
8.001522209585150905e-08
8.001522209585150905e-08
8.001522209585150905e-08
8.001522209585150905e-08
8.001522209585150905e-08
8.001522209585150905e-08
8.001522209585150905e-08
8.001522209585150905e-08
8.001522209585150905e-08
8.001522209585150905e-08
8.001522209585150905e-08
8.001522209585150905e-08
8.003919999859130857e-08
8.003919999859130857e-08
8.003919999859130857e-08
8.003919999859130857e-08
8.003919999859130857e-08
