7.316121718024377595e-08
7.316121718024377595e-08
7.316121718024377595e-08
9.559425210880920703e-08
9.559425210880920703e-08
9.559425210880920703e-08
9.935086134216257159e-08
1.044628296703268021e-07
1.044628296703268021e-07
1.044628296703268021e-07
1.052821862646122481e-07
1.069200129244911566e-07
1.070645356113240401e-07
1.070645356113240401e-07
1.070645356113240401e-07
1.070645356113240401e-07
1.070645356113240401e-07
1.070645356113240401e-07
1.070645356113240401e-07
1.070645356113240401e-07
