7.086190898864891507e-08
7.481908371462385677e-08
7.481908371462385677e-08
7.737889216794840856e-08
8.562069739941687309e-08
8.562069739941687309e-08
8.562069739941687309e-08
8.562069739941687309e-08
9.503116261884596821e-08
9.503116261884596821e-08
9.503116261884596821e-08
9.686228198237572058e-08
9.994792712996528370e-08
1.004139565358189085e-07
1.004438715126013420e-07
1.004438715126013420e-07
1.004438715126013420e-07
1.004438715126013420e-07
1.004438715126013420e-07
1.051063834259846098e-07
