9.310514503686731629e-08
9.310514503686731629e-08
9.310514503686731629e-08
9.310514503686731629e-08
9.310514503686731629e-08
9.310514503686731629e-08
9.313761147291451034e-08
9.782420384059781118e-08
1.047686827967832218e-07
1.047686827967832218e-07
1.047686827967832218e-07
1.047686827967832218e-07
1.047686827967832218e-07
1.047686827967832218e-07
1.047686827967832218e-07
1.047686827967832218e-07
1.047686827967832218e-07
1.047686827967832218e-07
1.047686827967832218e-07
1.047686827967832218e-07
