8.968787632472356899e-08
8.968787632472356899e-08
8.968787632472356899e-08
8.968787632472356899e-08
8.968787632472356899e-08
9.359787712526850254e-08
9.359787712526850254e-08
9.359787712526850254e-08
9.359787712526850254e-08
9.359787712526850254e-08
9.417731780738629496e-08
1.005462982020210387e-07
1.012426420644346702e-07
1.027848528018123027e-07
1.027848528018123027e-07
1.044660052993515108e-07
1.051883302383420297e-07
1.051883302383420297e-07
1.051883302383420297e-07
1.051883302383420297e-07
