8.841479695895537021e-08
8.841479695895537021e-08
8.841479695895537021e-08
8.841479695895537021e-08
9.140136202653637948e-08
9.140136202653637948e-08
9.585894165018292310e-08
9.585894165018292310e-08
9.585894165018292310e-08
9.588361110336052409e-08
9.588361110336052409e-08
9.585894165018292310e-08
9.585894165018292310e-08
9.985040412454061130e-08
9.585894165018292310e-08
9.585894165018292310e-08
9.789192672554344533e-08
9.588361110336052409e-08
9.637360577509194732e-08
1.053942017169137032e-07
